-10 190 500 25.0 -.05 -.05 0
-10 200 500 25.0 -.05 -.05 0
-10 210 500 25.0 -.05 -.05 0
-10 220 500 25.0 -.05 -.05 0
-10 230 500 25.0 -.05 -.05 0
-10 240 500 25.0 -.05 -.05 0
0 190 500 25.0 -.05 -.05 0
0 200 500 25.0 -.05 -.05 0
0 210 500 25.0 -.05 -.05 0
0 220 500 25.0 -.05 -.05 0
0 230 500 25.0 -.05 -.05 0
0 240 500 25.0 -.05 -.05 0
10 190 500 25.0 -.05 -.05 0
10 200 500 25.0 -.05 -.05 0
10 210 500 25.0 -.05 -.05 0
10 220 500 25.0 -.05 -.05 0
10 230 500 25.0 -.05 -.05 0
10 240 500 25.0 -.05 -.05 0
20 190 500 25.0 -.05 -.05 0
20 200 500 25.0 -.05 -.05 0
20 210 500 25.0 -.05 -.05 0
20 220 500 25.0 -.05 -.05 0
20 230 500 25.0 -.05 -.05 0
20 240 500 25.0 -.05 -.05 0
30 190 500 25.0 -.05 -.05 0
30 200 500 25.0 -.05 -.05 0
30 210 500 25.0 -.05 -.05 0
30 220 500 25.0 -.05 -.05 0
30 230 500 25.0 -.05 -.05 0
30 240 500 25.0 -.05 -.05 0
-10 190 1400 25.0 -.05 -.05 0
-10 200 1400 25.0 -.05 -.05 0
-10 210 1400 25.0 -.05 -.05 0
-10 220 1400 25.0 -.05 -.05 0
-10 230 1400 25.0 -.05 -.05 0
-10 240 1400 25.0 -.05 -.05 0
0 190 1400 25.0 -.05 -.05 0
0 200 1400 25.0 -.05 -.05 0
0 210 1400 25.0 -.05 -.05 0
0 220 1400 25.0 -.05 -.05 0
0 230 1400 25.0 -.05 -.05 0
0 240 1400 25.0 -.05 -.05 0
10 190 1400 25.0 -.05 -.05 0
10 200 1400 25.0 -.05 -.05 0
10 210 1400 25.0 -.05 -.05 0
10 220 1400 25.0 -.05 -.05 0
10 230 1400 25.0 -.05 -.05 0
10 240 1400 25.0 -.05 -.05 0
20 190 1400 25.0 -.05 -.05 0
20 200 1400 25.0 -.05 -.05 0
20 210 1400 25.0 -.05 -.05 0
20 220 1400 25.0 -.05 -.05 0
20 230 1400 25.0 -.05 -.05 0
20 240 1400 25.0 -.05 -.05 0
30 190 1400 25.0 -.05 -.05 0
30 200 1400 25.0 -.05 -.05 0
30 210 1400 25.0 -.05 -.05 0
30 220 1400 25.0 -.05 -.05 0
30 230 1400 25.0 -.05 -.05 0
30 240 1400 25.0 -.05 -.05 0
-10 190 2300 25.0 -.05 -.05 0
-10 200 2300 25.0 -.05 -.05 0
-10 210 2300 25.0 -.05 -.05 0
-10 220 2300 25.0 -.05 -.05 0
-10 230 2300 25.0 -.05 -.05 0
-10 240 2300 25.0 -.05 -.05 0
0 190 2300 25.0 -.05 -.05 0
0 200 2300 25.0 -.05 -.05 0
0 210 2300 25.0 -.05 -.05 0
0 220 2300 25.0 -.05 -.05 0
0 230 2300 25.0 -.05 -.05 0
0 240 2300 25.0 -.05 -.05 0
10 190 2300 25.0 -.05 -.05 0
10 200 2300 25.0 -.05 -.05 0
10 210 2300 25.0 -.05 -.05 0
10 220 2300 25.0 -.05 -.05 0
10 230 2300 25.0 -.05 -.05 0
10 240 2300 25.0 -.05 -.05 0
20 190 2300 25.0 -.05 -.05 0
20 200 2300 25.0 -.05 -.05 0
20 210 2300 25.0 -.05 -.05 0
20 220 2300 25.0 -.05 -.05 0
20 230 2300 25.0 -.05 -.05 0
20 240 2300 25.0 -.05 -.05 0
30 190 2300 25.0 -.05 -.05 0
30 200 2300 25.0 -.05 -.05 0
30 210 2300 25.0 -.05 -.05 0
30 220 2300 25.0 -.05 -.05 0
30 230 2300 25.0 -.05 -.05 0
30 240 2300 25.0 -.05 -.05 0
